11111111111111111111111111111111111111
10000000000000000000000000000000000000
10000000000000000000000000004000000001
10000000000000000000000000040400000000
10000000000000000000000000004000000001
10000000000000000000000000000000000000
10000000000000020020000000000000000001
10000000000000000000000000000000000000
10000000000000000000000000000000000001
10000000000000202020000000000000000001
10000000000000000000000000000000000001
10000000000000202020000000000200000001
10000000000000000000000000000200000001
10000000000000000000000000000000000001
10000000000000000000000000000000000001
10000000000000000000000000000200000001
10000000000000000000000022222200000001
10000000000000000000000000000200000001
10000000123400000000000000000200000001
10000000000000000000000022200200000001
10000000432100000000000000244200000001
10000000000000000000000000222200000001
10000000000000000000000000000000000001
11111111111111111111111111111111111111